0
5.00000e-04
1.00000e-03
5.00000e-03
1.00000e-02
2.50000e-02
5.00000e-02
7.50000e-02
1.00000e-01
1.25000e-01
1.50000e-01
2.00000e-01
2.50000e-01
3.00000e-01
3.25000e-01
3.50000e-01
3.75000e-01
4.00000e-01
4.25000e-01
4.50000e-01
4.75000e-01
5.00000e-01
5.25000e-01
5.50000e-01
5.80000e-01
6.10000e-01
6.50000e-01
6.90000e-01
7.30000e-01
7.80000e-01
8.30000e-01
8.80000e-01
9.40000e-01
1.00000e+00
1.08000e+00
1.16000e+00
1.24000e+00
1.33000e+00
1.43000e+00
1.54000e+00
1.66000e+00
1.79000e+00
1.94000e+00
2.09000e+00
2.26000e+00
2.48000e+00
2.71270e+00
2.89000e+00
3.11000e+00
3.38000e+00
3.67000e+00
3.98000e+00
4.32000e+00
4.65000e+00
5.0000e+00
5.42550e+00
6.00000e+00
6.56000e+00
7.13000e+00
7.60000e+00
8.10260e+00
8.80000e+00
9.50000e+00
1.02000e+01
1.08152e+01
1.17000e+01
1.26000e+01
1.35280e+01
1.44000e+01
1.53000e+01
1.62051e+01
1.72330e+01
1.82000e+01
1.89200e+01
2.03000e+01
2.16300e+01
2.29000e+01
2.43080e+01
2.56000e+01
2.70200e+01
2.84000e+01
2.97300e+01
3.10000e+01
3.24100e+01
3.34400e+01
3.44660e+01
3.61500e+01
3.71800e+01
3.88000e+01
4.05130e+01
4.15400e+01
4.25700e+01
4.42000e+01
4.60000e+01
4.70000e+01
4.86150e+01
4.96000e+01
5.12000e+01
5.25000e+01
5.44100e+01
5.52000e+01
5.67200e+01
5.84000e+01
5.98000e+01
6.12000e+01
6.25100e+01
6.38000e+01
6.52300e+01
6.65000e+01
6.79000e+01
6.89300e+01
7.06100e+01
7.16400e+01
7.29200e+01
7.59000e+01
8.00000e+01
8.40000e+01
8.90000e+01
9.40000e+01
1.00000e+02
1.05000e+02
1.13000e+02
1.20630e+02
1.26000e+02
1.32000e+02
1.40000e+02
1.47000e+02
1.54000e+02
1.62000e+02
1.70000e+02
1.77000e+02
1.84000e+02
1.91000e+02
1.99000e+02
2.08000e+02
2.18000e+02
2.27000e+02
2.37000e+02
2.46000e+02
2.55000e+02
2.65000e+02
2.75720e+02
2.84000e+02
