-6.25100e+01
-6.12000e+01
-5.98000e+01
-5.84000e+01
-5.71200e+01
-5.67200e+01
-5.60000e+01
-5.52000e+01
-5.44100e+01
-5.39000e+01
-5.33800e+01
-5.25000e+01
-5.17000e+01
-5.12000e+01
-5.06700e+01
-4.96000e+01
-4.86150e+01
-4.83000e+01
-4.79900e+01
-4.70000e+01
-4.60000e+01
-4.52800e+01
-4.42000e+01
-4.32000e+01
-4.25700e+01
-4.20000e+01
-4.15400e+01
-4.10000e+01
-4.05130e+01
-4.02000e+01
-3.98900e+01
-3.88000e+01
-3.79000e+01
-3.71800e+01
-3.66000e+01
-3.61500e+01
-3.53000e+01
-3.44660e+01
-3.40000e+01
-3.34400e+01
-3.29000e+01
-3.24100e+01
-3.15000e+01
-3.07600e+01
-3.02000e+01
-2.97300e+01
-2.89000e+01
-2.80500e+01
-2.75000e+01
-2.70200e+01
-2.62000e+01
-2.53400e+01
-2.48000e+01
-2.43080e+01
-2.35000e+01
-2.26600e+01
-2.21000e+01
-2.16300e+01
-2.07000e+01
-1.99500e+01
-1.94000e+01
-1.89200e+01
-1.82000e+01
-1.72330e+01
-1.68000e+01
-1.62051e+01
-1.56200e+01
-1.50300e+01
-1.44800e+01
-1.39400e+01
-1.35280e+01
-1.29800e+01
-1.24600e+01
-1.20000e+01
-1.15700e+01
-1.11600e+01
-1.08152e+01
-1.04000e+01
-1.00000e+01
-9.64000e+00
-9.30000e+00
-8.98000e+00
-8.67000e+00
-8.37000e+00
-8.10300e+00
-7.81000e+00
-7.54000e+00
-7.29000e+00
-7.04000e+00
-6.81000e+00
-6.59000e+00
-6.37000e+00
-6.17000e+00
-5.97000e+00
-5.78000e+00
-5.60000e+00
-5.42550e+00
-5.26000e+00
-5.10000e+00
-4.94000e+00
-4.80000e+00
-4.65000e+00
-4.52000e+00
-4.39000e+00
-4.26000e+00
-4.14000e+00
-4.03000e+00
-3.92000e+00
-3.81000e+00
-3.71000e+00
-3.61000e+00
-3.52000e+00
-3.43000e+00
-3.34000e+00
-3.26000e+00
-3.18000e+00
-3.11000e+00
-3.03000e+00
-2.96000e+00
-2.90000e+00
-2.83000e+00
-2.77000e+00
-2.71270e+00
-2.65000e+00
-2.60000e+00
-2.55000e+00
-2.50000e+00
-2.45000e+00
-2.40000e+00
-2.35000e+00
-2.30000e+00
-2.25000e+00
-2.20000e+00
-2.15000e+00
-2.10000e+00
-2.05000e+00
-2.00000e+00
-1.95000e+00
-1.90000e+00
-1.85000e+00
-1.80000e+00
-1.75000e+00
-1.70000e+00
-1.65000e+00
-1.60000e+00
-1.55000e+00
-1.50000e+00
-1.45000e+00
-1.40000e+00
-1.35000e+00
-1.30000e+00
-1.25000e+00
-1.20000e+00
-1.15000e+00
-1.10000e+00
-1.05000e+00
-1.00000e+00
-9.50000e-01
-9.00000e-01
-8.50000e-01
-8.00000e-01
-7.50000e-01
-7.00000e-01
-6.50000e-01
-6.00000e-01
-5.50000e-01
-5.00000e-01
-4.50000e-01
-4.00000e-01
-3.50000e-01
-3.00000e-01
-2.50000e-01
-2.00000e-01
-1.50000e-01
-1.00000e-01
-7.50000e-02
-5.00000e-02
-2.50000e-02
-1.00000e-02
-5.00000e-03
0.00000e+00
5.00000e-03
1.00000e-02
2.50000e-02
5.00000e-02
7.50000e-02
1.00000e-01
1.50000e-01
2.00000e-01
2.50000e-01
3.00000e-01
3.50000e-01
4.00000e-01
4.50000e-01
5.00000e-01
5.50000e-01
6.00000e-01
6.50000e-01
7.00000e-01
7.50000e-01
8.00000e-01
8.50000e-01
9.00000e-01
9.50000e-01
1.00000e+00
1.05000e+00
1.10000e+00
1.15000e+00
1.20000e+00
1.25000e+00
1.30000e+00
1.35000e+00
1.40000e+00
1.45000e+00
1.50000e+00
1.55000e+00
1.60000e+00
1.65000e+00
1.70000e+00
1.75000e+00
1.80000e+00
1.85000e+00
1.90000e+00
1.95000e+00
2.00000e+00
2.05000e+00
2.10000e+00
2.15000e+00
2.20000e+00
2.25000e+00
2.30000e+00
2.35000e+00
2.40000e+00
2.45000e+00
2.50000e+00
2.55000e+00
2.60000e+00
2.65000e+00
2.71270e+00
2.77000e+00
2.83000e+00
2.90000e+00
2.96000e+00
3.03000e+00
3.11000e+00
3.18000e+00
3.26000e+00
3.34000e+00
3.43000e+00
3.52000e+00
3.61000e+00
3.71000e+00
3.81000e+00
3.92000e+00
4.03000e+00
4.14000e+00
4.26000e+00
4.39000e+00
4.52000e+00
4.65000e+00
4.80000e+00
4.94000e+00
5.10000e+00
5.26000e+00
5.42550e+00
5.60000e+00
5.78000e+00
5.97000e+00
6.17000e+00
6.37000e+00
6.59000e+00
6.81000e+00
7.04000e+00
7.29000e+00
7.54000e+00
7.81000e+00
8.10300e+00
8.37000e+00
8.67000e+00
8.98000e+00
9.30000e+00
9.64000e+00
1.00000e+01
1.04000e+01
1.08152e+01
1.11600e+01
1.15700e+01
1.20000e+01
1.24600e+01
1.29800e+01
1.35280e+01
1.39400e+01
1.44800e+01
1.50300e+01
1.56200e+01
1.62051e+01
1.68000e+01
1.72330e+01
1.82000e+01
1.89200e+01
1.94000e+01
1.99500e+01
2.07000e+01
